[1, 1, 1, 1, 3, 0, 32, 16], 58.2, 0.6778
[1, 1, 1, 1, 4, 0, 32, 4], 58.6, 0.6793
[1, 2, 1, 1, 3, 0, 32, 8], 57.6, 0.679
[1, 2, 1, 1, 4, 0, 16, 16], 60.0, 0.6794
[1, 3, 1, 1, 2, 0, 32, 16], 58.6, 0.6778
[1, 3, 1, 1, 3, 0, 16, 16], 57.0, 0.6794
[1, 3, 1, 1, 3, 0, 32, 4], 59.0, 0.6793
[1, 3, 1, 1, 4, 0, 8, 16], 59.4, 0.6772
[1, 3, 1, 1, 4, 0, 16, 8], 59.4, 0.6793
[1, 4, 1, 1, 2, 0, 32, 8], 58.0, 0.679
[1, 4, 1, 1, 4, 0, 8, 8], 58.8, 0.6772
[2, 1, 1, 1, 3, 0, 32, 8], 57.4, 0.9042
[2, 1, 1, 1, 4, 0, 16, 16], 59.8, 0.8984
[2, 2, 1, 1, 2, 0, 32, 16], 58.4, 1.1969
[2, 2, 1, 1, 3, 0, 16, 16], 56.8, 1.1862
[2, 2, 1, 1, 3, 0, 32, 4], 58.8, 1.147
[2, 2, 1, 1, 4, 0, 8, 16], 59.2, 1.1131
[2, 2, 1, 1, 4, 0, 16, 8], 59.2, 1.186
[2, 3, 1, 1, 2, 0, 32, 8], 57.8, 1.1946
[2, 3, 1, 1, 4, 0, 8, 8], 58.6, 1.1131
[2, 4, 1, 1, 1, 0, 32, 16], 58.8, 1.1969
[2, 4, 1, 1, 2, 0, 16, 16], 57.2, 1.1862
[2, 4, 1, 1, 2, 0, 32, 4], 59.2, 1.147
[2, 4, 1, 1, 3, 0, 8, 16], 59.6, 1.1131
[2, 4, 1, 1, 3, 0, 16, 8], 59.6, 1.186
[2, 4, 1, 1, 4, 0, 8, 4], 60.0, 1.1113
[4, 1, 1, 1, 2, 0, 32, 16], 60.0, 0.9172
[4, 1, 1, 1, 3, 0, 16, 16], 58.4, 0.9163
[4, 1, 1, 1, 4, 0, 8, 8], 56.800000000000004, 0.9016
[4, 1, 1, 1, 4, 0, 16, 4], 58.800000000000004, 0.9039
[4, 2, 1, 1, 1, 0, 32, 16], 57.0, 1.5053
[4, 2, 1, 1, 2, 0, 32, 8], 59.4, 1.4922
[4, 2, 1, 1, 3, 0, 8, 16], 57.800000000000004, 1.2829
[4, 2, 1, 1, 3, 0, 16, 8], 57.800000000000004, 1.4516
[4, 2, 1, 1, 4, 0, 8, 4], 58.2, 1.256
[4, 3, 1, 1, 2, 0, 16, 16], 58.8, 1.6093
[4, 3, 1, 1, 3, 0, 8, 8], 57.2, 1.3492
[4, 3, 1, 1, 3, 0, 16, 4], 59.2, 1.4289
[4, 4, 1, 1, 1, 0, 16, 16], 55.8, 1.6365
[4, 4, 1, 1, 1, 0, 32, 8], 59.8, 1.7178
[4, 4, 1, 1, 2, 0, 8, 16], 58.2, 1.3528
[4, 4, 1, 1, 2, 0, 16, 8], 58.2, 1.6362
[4, 4, 1, 1, 3, 0, 8, 4], 58.6, 1.3153

[1, 1, 1, 1, 3, 0, 32, 16], [ 1.8  2.   3.   4.  15.   8.4 16.   8. ], 58.2, 0.6778
[1, 1, 1, 1, 4, 0, 32, 4], [ 1.8  2.   3.   4.  20.   9.8 16.   2. ], 58.6, 0.6793
[1, 2, 1, 1, 3, 0, 32, 8], [ 1.8  4.   3.   4.  15.   9.8 16.   4. ], 57.6, 0.679
[1, 2, 1, 1, 4, 0, 16, 16], [ 1.8  4.   3.   4.  20.  11.2  8.   8. ], 60.0, 0.6794
[1, 3, 1, 1, 2, 0, 32, 16], [ 1.8  6.   3.   4.  10.   9.8 16.   8. ], 58.6, 0.6778
[1, 3, 1, 1, 3, 0, 16, 16], [ 1.8  6.   3.   4.  15.  11.2  8.   8. ], 57.0, 0.6794
[1, 3, 1, 1, 3, 0, 32, 4], [ 1.8  6.   3.   4.  15.  11.2 16.   2. ], 59.0, 0.6793
[1, 3, 1, 1, 4, 0, 8, 16], [ 1.8  6.   3.   4.  20.  12.6  4.   8. ], 59.4, 0.6772
[1, 3, 1, 1, 4, 0, 16, 8], [ 1.8  6.   3.   4.  20.  12.6  8.   4. ], 59.4, 0.6793
[1, 4, 1, 1, 2, 0, 32, 8], [ 1.8  8.   3.   4.  10.  11.2 16.   4. ], 58.0, 0.679
[1, 4, 1, 1, 4, 0, 8, 8], [ 1.8  8.   3.   4.  20.  14.   4.   4. ], 58.8, 0.6772
[2, 1, 1, 1, 3, 0, 32, 8], [ 3.6  2.   3.   4.  15.   9.8 16.   4. ], 57.4, 0.9042
[2, 1, 1, 1, 4, 0, 16, 16], [ 3.6  2.   3.   4.  20.  11.2  8.   8. ], 59.8, 0.8984
[2, 2, 1, 1, 2, 0, 32, 16], [ 3.6  4.   3.   4.  10.   9.8 16.   8. ], 58.4, 1.1969


[1, 1, 1, 1, 1, 0, 32, 8], [ 1.8   2.    3.    4.    5.   22.12 16.    4.  ], 57.92, 0.679
[1, 1, 1, 1, 2, 0, 8, 8], [ 1.8   2.    3.    4.   10.   29.12  4.    4.  ], 57.92, 0.6772
[1, 1, 1, 1, 2, 0, 16, 4], [ 1.8   2.    3.    4.   10.   29.12  8.    2.  ], 59.92, 0.6794
[1, 2, 1, 1, 1, 0, 16, 16], [ 1.8   4.    3.    4.    5.   24.92  8.    8.  ], 58.72, 0.6794
[1, 3, 1, 1, 1, 0, 8, 16], [ 1.8   6.    3.    4.    5.   27.72  4.    8.  ], 59.519999999999996, 0.6772
[1, 3, 1, 1, 1, 0, 16, 8], [ 1.8   6.    3.    4.    5.   27.72  8.    4.  ], 59.519999999999996, 0.6793

Configuration: [1, 1, 1, 1, 1, 0, 32, 8]; Area per resource: [ 1.8   2.    3.    4.    5.   22.12 16.    4.  ]; Total Area: 57.92; IPC: 0.679
Configuration: [1, 1, 1, 1, 2, 0, 8, 8]; Area per resource: [ 1.8   2.    3.    4.   10.   29.12  4.    4.  ]; Total Area: 57.92; IPC: 0.6772
Configuration: [1, 1, 1, 1, 2, 0, 16, 4]; Area per resource: [ 1.8   2.    3.    4.   10.   29.12  8.    2.  ]; Total Area: 59.92; IPC: 0.6796
